1.1250 0
1.1429 0
1.1607 0
1.1786 0
1.1964 0
1.2143 0
1.2321 0
1.2500 0
1.2679 0
1.2857 0
1.3036 0
1.3214 0
1.3393 0
1.3571 0
1.3750 0
1.3929 0
1.4107 0
1.4286 0
1.4464 0
1.4643 0
1.4821 0
1.5000 0
1.5179 0
1.5357 0
1.5536 0
1.5714 0
1.5893 0
1.6071 0
1.6250 0
1.6429 0
1.6607 0
1.6786 0
1.6964 0
1.7143 0
1.7321 0
1.7500 0
1.7679 0
1.7857 0
1.8036 0
1.8214 0
1.8393 0
1.8571 0
1.8750 0
1.8929 0
1.9107 0
1.9286 0
1.9464 0
1.9643 0
1.9821 0
2.0000 0
2.0179 0
2.0357 0
2.0536 0
2.0714 0
2.0893 0
2.1071 0
2.0940 0
2.1139 1
2.1338 1
2.1537 1
2.1736 1
2.1935 1
2.2135 1
2.2334 1
2.2533 1
2.2732 1
2.2931 1
2.3130 1
2.3329 1
2.3528 1
2.3728 1
2.3927 1
2.4126 1
2.4325 1
2.4524 1
2.4723 1
2.4922 1
2.5121 2
2.5321 2
2.5520 2
2.5719 2
2.5918 2
2.6117 2
2.6316 2
2.6515 2
2.6714 2
2.6914 2
2.7113 2
2.7312 2
2.7511 2
2.7710 2
2.7909 2
2.8108 2
2.8307 2
2.8507 2
2.8706 2
2.8905 2
2.9104 2
2.9303 3
2.9502 3
2.9701 3
2.9900 3
3.0100 3
3.0299 3
3.0498 3
3.0697 3
3.1257 3
3.1457 4
3.1657 4
3.1857 5
3.2057 5
3.2257 6
3.2457 6
3.2657 7
3.2857 7
3.3057 7
3.3257 8
3.3457 8
3.3657 9
3.3857 9
3.4057 10
3.4257 10
3.4457 11
3.4657 12
3.4857 12
3.5057 12
3.5257 13
3.5457 13
3.5657 14
3.5857 14
3.6057 15
3.6256 15
3.6456 16
3.6656 16
3.6856 17
3.7056 17
3.7256 18
3.7456 18
3.7656 18
3.7856 19
3.8056 19
3.8256 20
3.8456 20
3.8656 21
3.8856 21
3.9056 22
3.9256 22
3.9456 23
3.9656 23
3.9856 24
4.0056 24
4.0256 25
4.0456 25
4.0656 26
4.0856 26
4.1056 27
4.1200 32
4.1400 38
4.1600 44
4.1800 50
4.2000 56
4.2200 62
4.2400 68
4.2600 73
4.2800 79
4.3000 84
4.3200 89
4.3400 95
4.3600 100
4.3800 106
4.4000 111
4.4200 117
4.4400 122
4.4600 127
4.4800 133
4.5000 138
4.5200 144
4.5400 149
4.5600 155
4.5800 160
4.6000 165
4.6200 171
4.6400 176
4.6600 181
4.6800 187
4.7000 193
4.7199 198
4.7399 203
4.7599 208
4.7799 214
4.7999 219
4.8199 225
4.8399 230
4.8599 235
4.8799 241
4.8999 246
4.9199 251
4.9399 256
4.9599 262
4.9799 267
4.9999 273
5.0199 278
5.0399 283
5.0599 289
5.0799 294
5.0999 299
5.1051 365
5.1251 431
5.1451 497
5.1651 562
5.1851 627
5.2051 692
5.2251 759
5.2451 825
5.2651 891
5.2851 957
5.3051 1022
5.3251 1089
5.3451 1155
5.3651 1221
5.3851 1288
5.4051 1354
5.4251 1419
5.4451 1484
5.4651 1550
5.4851 1616
5.5051 1683
5.5251 1748
5.5451 1815
5.5651 1881
5.5851 1947
5.6051 2012
5.6251 2077
5.6451 2143
5.6651 2210
5.6851 2275
5.7051 2342
5.7251 2408
5.7451 2474
5.7651 2541
5.7851 2607
5.8051 2672
5.8251 2737
5.8451 2803
5.8651 2869
5.8851 2935
5.9051 3000
5.9251 3067
5.9451 3133
5.9651 3198
5.9851 3263
6.0051 3330
6.0251 3394
6.0451 3460
6.0651 3525
6.0851 3590
